6 74 6 21 64 30 83 28 47 
3 92 84 18 64 54 43 87 78 
42 42 52 88 35 91 83 90 62 
15 70 72 40 85 17 34 30 83 
20 22 8 35 70 65 72 16 96 
39 51 97 9 30 74 66 78 67 
19 63 64 39 20 20 23 44 90 
9 63 41 68 92 7 57 73 70 
9 47 99 55 49 45 43 67 27 
44 13 51 2 77 82 11 95 31 
66 85 4 95 62 9 23 21 48 
64 78 31 10 75 77 96 87 73 
4 18 64 100 86 25 34 66 41 
57 3 48 43 91 1 21 33 33 
65 84 44 83 62 68 1 49 64 
70 34 88 50 3 76 17 22 22 
93 40 61 49 47 37 23 37 73 
95 83 63 13 24 4 98 72 12 
53 61 55 37 94 11 35 66 82 